53773570
89142377
50988431
53986299
52086049
53151116
65999404
51332344
53789859
51840150
53134531
52692414
50562045
52757961
53839357
53200192
53740650
52708712
45635620
44898490
43440079
43091178
45079377
43079670
44226691
44292033
44423914
45385197
42157229
44926094
42501435
42784674
44521385
43243498
44177529
44603523
43833587
45537547
42391834
43653688
44259970
43506407
45751030
42675927
52266052
50660568
42375860
42883052
45369104
44598538
42566551
44849175
45205185
42605241
42506193
44505852
45258905
45438991
45815763
44423959
44139511
44701813
42080246
48152732
45537195
51824112
43926532
43238618
45668762
43959308
43522841
50873764
42129609
42309678
53216341
45990772
45422561
42752003
45308222
42599884
44128259
42512482
40762136
38173241
42637740
42744305
43231103
